Generate svg files for CodeGPTJava
Loading json activations from ../Experiments/activations_java/codeGPTJava_activations_train.json...
54804 13.0
Length of CodeGPTJava activations: 54804
The number of neurons for each token in CodeGPTJava: 9984
Total number of tokens:581365
hsic_matrix:
[[1.         0.60961777 0.56038038 0.51433363 0.5067003  0.49223615 0.4763416  0.46545316 0.45862838 0.45523683 0.45769719 0.46087637 0.72909255]
 [0.60961777 1.         0.84639363 0.74404714 0.7180192  0.70022245 0.6836897  0.67522601 0.67180934 0.67637072 0.69407524 0.71340516 0.41400645]
 [0.56038038 0.84639363 1.         0.97281276 0.96017837 0.95058025 0.940995   0.93634632 0.93374488 0.93498193 0.94035681 0.94193554 0.37075191]
 [0.51433363 0.74404714 0.97281276 1.         0.99804464 0.99505665 0.99111627 0.98862252 0.98683718 0.98634054 0.98584043 0.98032748 0.33625907]
 [0.5067003  0.7180192  0.96017837 0.99804464 1.         0.99889287 0.99638444 0.99443981 0.99288044 0.99186408 0.98986665 0.98293649 0.33150173]
 [0.49223615 0.70022245 0.95058025 0.99505665 0.99889287 1.         0.99887219 0.99750565 0.99624892 0.99518706 0.99268678 0.98544523 0.32073921]
 [0.4763416  0.6836897  0.940995   0.99111627 0.99638444 0.99887219 1.         0.99955882 0.99879573 0.99774749 0.99472502 0.98720158 0.30804909]
 [0.46545316 0.67522601 0.93634632 0.98862252 0.99443981 0.99750565 0.99955882 1.         0.99968569 0.99882843 0.99573804 0.98820406 0.29945604]
 [0.45862838 0.67180934 0.93374488 0.98683718 0.99288044 0.99624892 0.99879573 0.99968569 1.         0.99949327 0.99672914 0.98952556 0.29484674]
 [0.45523683 0.67637072 0.93498193 0.98634054 0.99186408 0.99518706 0.99774749 0.99882843 0.99949327 1.         0.99841948 0.99225741 0.29347153]
 [0.45769719 0.69407524 0.94035681 0.98584043 0.98986665 0.99268678 0.99472502 0.99573804 0.99672914 0.99841948 1.         0.99691334 0.299643  ]
 [0.46087637 0.71340516 0.94193554 0.98032748 0.98293649 0.98544523 0.98720158 0.98820406 0.98952556 0.99225741 0.99691334 1.         0.31098874]
 [0.72909255 0.41400645 0.37075191 0.33625907 0.33150173 0.32073921 0.30804909 0.29945604 0.29484674 0.29347153 0.299643   0.31098874 1.        ]]
-----------------------------------------------------------------
