Generating the attentions file for pretrained_BERT
Loading model: bert-base-uncased
Reading input corpus
Extracting representations from model
Hi I'm here
The shape of all_attentions is (12, 12, 5, 5)
[[[[1.06046185e-01 2.63119727e-01 2.54107744e-01 1.13817364e-01
    8.51309374e-02]
   [1.32884249e-01 1.54648364e-01 1.89051718e-01 1.07316382e-01
    9.22379270e-02]
   [1.10874042e-01 8.90247151e-02 3.02015036e-01 1.30074367e-01
    1.30264342e-01]
   [1.68466315e-01 2.17372119e-01 7.67433345e-02 6.53967112e-02
    1.39458999e-01]
   [1.44846022e-01 9.13660675e-02 1.43287465e-01 1.04535654e-01
    2.02684760e-01]]

  [[5.47666624e-02 5.34349322e-01 2.03512562e-03 2.68627405e-01
    3.95662012e-03]
   [1.26332954e-01 1.54038265e-01 5.25348559e-02 2.40796611e-01
    6.83845654e-02]
   [1.51956335e-01 2.86985576e-01 5.50458990e-02 4.19015229e-01
    2.14173179e-02]
   [6.10755384e-02 2.69189149e-01 2.06277929e-02 1.36432171e-01
    9.74636450e-02]
   [3.48861329e-02 2.26226747e-02 5.10481596e-01 2.28209533e-02
    3.83389205e-01]]

  [[9.21853408e-02 9.52469930e-02 3.75706404e-02 1.47043411e-02
    3.57117839e-02]
   [2.57616371e-01 2.08861399e-02 2.24283002e-02 7.34421983e-02
    1.00209164e-02]
   [3.58598344e-02 7.85494000e-02 5.38125746e-02 3.54852192e-02
    5.70500121e-02]
   [3.55949551e-02 1.37275681e-01 3.04889709e-01 7.75654912e-02
    2.79202219e-02]
   [6.96824305e-03 1.95829403e-02 9.31505635e-02 4.54412341e-01
    1.71365157e-01]]]


 [[[5.66890314e-02 8.52471367e-02 2.98822820e-02 6.86271191e-02
    9.37545374e-02]
   [1.72180235e-01 6.44232258e-02 2.51707919e-02 9.66174304e-02
    4.13837396e-02]
   [4.16480489e-02 4.32281150e-03 8.48759245e-03 5.18579483e-02
    1.77879915e-01]
   [4.35928395e-03 9.27641580e-04 1.40878772e-02 1.56787448e-02
    1.10579289e-01]
   [3.72450016e-02 2.07766797e-02 1.42848128e-02 5.42989261e-02
    1.46918505e-01]]

  [[9.08844844e-02 2.55243123e-01 3.24322194e-01 2.38345116e-02
    1.14726059e-01]
   [5.82696451e-03 1.51078710e-02 3.48345548e-01 8.94673076e-03
    8.07495136e-03]
   [6.09660372e-02 1.65645673e-03 1.82533562e-02 8.55721712e-01
    3.62257585e-02]
   [9.64514911e-03 3.08792852e-02 1.18850823e-02 2.30676029e-02
    5.94939411e-01]
   [5.41310105e-03 1.17422256e-03 2.74649286e-03 1.07954163e-03
    3.13740559e-02]]

  [[1.35124847e-02 1.92339905e-02 8.46880674e-02 1.35504277e-02
    1.72003999e-01]
   [1.97871514e-02 5.02413930e-03 6.79309294e-02 9.74270795e-03
    1.29355222e-01]
   [1.73001979e-02 9.98389069e-03 4.18429226e-01 4.16341238e-02
    1.45664975e-01]
   [5.87415788e-03 5.23171388e-03 3.03508133e-01 3.41728097e-03
    1.47564411e-01]
   [6.72817826e-02 3.60521860e-02 2.90091395e-01 3.26532535e-02
    8.68157744e-02]]]


 [[[3.61938837e-05 9.99934435e-01 2.48439719e-05 2.82671834e-07
    3.06615050e-07]
   [1.75896020e-07 2.80200379e-06 9.99991894e-01 1.65452775e-06
    1.17598418e-07]
   [1.68654151e-04 1.10010137e-06 9.90390254e-05 9.99690890e-01
    1.31008519e-05]
   [4.32903363e-07 5.81338372e-06 2.83708573e-06 8.31305613e-07
    9.99962449e-01]
   [2.48001702e-03 3.93254732e-06 8.11671780e-05 1.01915866e-05
    5.16813388e-03]]

  [[8.09124950e-03 1.58134811e-02 2.28996407e-02 1.50485374e-02
    5.31962104e-02]
   [6.39970481e-01 1.43061287e-03 2.58309441e-03 1.53058404e-02
    3.11871897e-02]
   [2.47440897e-02 3.92612144e-02 2.14742459e-02 3.75622772e-02
    1.14058375e-01]
   [6.08984828e-02 2.17912113e-03 6.82413876e-01 1.98329613e-03
    4.40094545e-02]
   [2.83498317e-02 1.29816458e-02 1.40442461e-01 1.94981862e-02
    8.98976102e-02]]

  [[9.22548212e-03 1.09855071e-01 2.22009774e-02 6.05901554e-02
    4.55494076e-02]
   [7.68124238e-02 1.55136827e-02 7.83547983e-02 3.02306473e-01
    9.53288153e-02]
   [4.27902211e-03 8.90296884e-03 4.73232334e-03 3.41979950e-03
    3.32890116e-02]
   [4.89977980e-03 2.93196216e-02 3.72437201e-03 4.10496369e-02
    2.65782952e-01]
   [3.02138999e-02 2.95578808e-01 8.64080787e-02 1.68826804e-02
    3.17452252e-02]]]]
tokenization_counts:{'Playing': 1, 'a basketball': 1, 'a was': 1, 'a fun': 1, 'a .': 1}
segmented_tokens:['playing', 'basketball', 'was', 'fun', '.']
Processing:Playing
all_attentions after the processing
[[[[1.06046185e-01 2.63119727e-01 2.54107744e-01 1.13817364e-01
    8.51309374e-02]
   [1.32884249e-01 1.54648364e-01 1.89051718e-01 1.07316382e-01
    9.22379270e-02]
   [1.10874042e-01 8.90247151e-02 3.02015036e-01 1.30074367e-01
    1.30264342e-01]
   [1.68466315e-01 2.17372119e-01 7.67433345e-02 6.53967112e-02
    1.39458999e-01]
   [1.44846022e-01 9.13660675e-02 1.43287465e-01 1.04535654e-01
    2.02684760e-01]]

  [[5.47666624e-02 5.34349322e-01 2.03512562e-03 2.68627405e-01
    3.95662012e-03]
   [1.26332954e-01 1.54038265e-01 5.25348559e-02 2.40796611e-01
    6.83845654e-02]
   [1.51956335e-01 2.86985576e-01 5.50458990e-02 4.19015229e-01
    2.14173179e-02]
   [6.10755384e-02 2.69189149e-01 2.06277929e-02 1.36432171e-01
    9.74636450e-02]
   [3.48861329e-02 2.26226747e-02 5.10481596e-01 2.28209533e-02
    3.83389205e-01]]

  [[9.21853408e-02 9.52469930e-02 3.75706404e-02 1.47043411e-02
    3.57117839e-02]
   [2.57616371e-01 2.08861399e-02 2.24283002e-02 7.34421983e-02
    1.00209164e-02]
   [3.58598344e-02 7.85494000e-02 5.38125746e-02 3.54852192e-02
    5.70500121e-02]
   [3.55949551e-02 1.37275681e-01 3.04889709e-01 7.75654912e-02
    2.79202219e-02]
   [6.96824305e-03 1.95829403e-02 9.31505635e-02 4.54412341e-01
    1.71365157e-01]]]


 [[[5.66890314e-02 8.52471367e-02 2.98822820e-02 6.86271191e-02
    9.37545374e-02]
   [1.72180235e-01 6.44232258e-02 2.51707919e-02 9.66174304e-02
    4.13837396e-02]
   [4.16480489e-02 4.32281150e-03 8.48759245e-03 5.18579483e-02
    1.77879915e-01]
   [4.35928395e-03 9.27641580e-04 1.40878772e-02 1.56787448e-02
    1.10579289e-01]
   [3.72450016e-02 2.07766797e-02 1.42848128e-02 5.42989261e-02
    1.46918505e-01]]

  [[9.08844844e-02 2.55243123e-01 3.24322194e-01 2.38345116e-02
    1.14726059e-01]
   [5.82696451e-03 1.51078710e-02 3.48345548e-01 8.94673076e-03
    8.07495136e-03]
   [6.09660372e-02 1.65645673e-03 1.82533562e-02 8.55721712e-01
    3.62257585e-02]
   [9.64514911e-03 3.08792852e-02 1.18850823e-02 2.30676029e-02
    5.94939411e-01]
   [5.41310105e-03 1.17422256e-03 2.74649286e-03 1.07954163e-03
    3.13740559e-02]]

  [[1.35124847e-02 1.92339905e-02 8.46880674e-02 1.35504277e-02
    1.72003999e-01]
   [1.97871514e-02 5.02413930e-03 6.79309294e-02 9.74270795e-03
    1.29355222e-01]
   [1.73001979e-02 9.98389069e-03 4.18429226e-01 4.16341238e-02
    1.45664975e-01]
   [5.87415788e-03 5.23171388e-03 3.03508133e-01 3.41728097e-03
    1.47564411e-01]
   [6.72817826e-02 3.60521860e-02 2.90091395e-01 3.26532535e-02
    8.68157744e-02]]]


 [[[3.61938837e-05 9.99934435e-01 2.48439719e-05 2.82671834e-07
    3.06615050e-07]
   [1.75896020e-07 2.80200379e-06 9.99991894e-01 1.65452775e-06
    1.17598418e-07]
   [1.68654151e-04 1.10010137e-06 9.90390254e-05 9.99690890e-01
    1.31008519e-05]
   [4.32903363e-07 5.81338372e-06 2.83708573e-06 8.31305613e-07
    9.99962449e-01]
   [2.48001702e-03 3.93254732e-06 8.11671780e-05 1.01915866e-05
    5.16813388e-03]]

  [[8.09124950e-03 1.58134811e-02 2.28996407e-02 1.50485374e-02
    5.31962104e-02]
   [6.39970481e-01 1.43061287e-03 2.58309441e-03 1.53058404e-02
    3.11871897e-02]
   [2.47440897e-02 3.92612144e-02 2.14742459e-02 3.75622772e-02
    1.14058375e-01]
   [6.08984828e-02 2.17912113e-03 6.82413876e-01 1.98329613e-03
    4.40094545e-02]
   [2.83498317e-02 1.29816458e-02 1.40442461e-01 1.94981862e-02
    8.98976102e-02]]

  [[9.22548212e-03 1.09855071e-01 2.22009774e-02 6.05901554e-02
    4.55494076e-02]
   [7.68124238e-02 1.55136827e-02 7.83547983e-02 3.02306473e-01
    9.53288153e-02]
   [4.27902211e-03 8.90296884e-03 4.73232334e-03 3.41979950e-03
    3.32890116e-02]
   [4.89977980e-03 2.93196216e-02 3.72437201e-03 4.10496369e-02
    2.65782952e-01]
   [3.02138999e-02 2.95578808e-01 8.64080787e-02 1.68826804e-02
    3.17452252e-02]]]]
None
Processing:a basketball
all_attentions after the processing
[[[[1.06046185e-01 2.63119727e-01 2.54107744e-01 1.13817364e-01
    8.51309374e-02]
   [1.32884249e-01 1.54648364e-01 1.89051718e-01 1.07316382e-01
    9.22379270e-02]
   [1.10874042e-01 8.90247151e-02 3.02015036e-01 1.30074367e-01
    1.30264342e-01]
   [1.68466315e-01 2.17372119e-01 7.67433345e-02 6.53967112e-02
    1.39458999e-01]
   [1.44846022e-01 9.13660675e-02 1.43287465e-01 1.04535654e-01
    2.02684760e-01]]

  [[5.47666624e-02 5.34349322e-01 2.03512562e-03 2.68627405e-01
    3.95662012e-03]
   [1.26332954e-01 1.54038265e-01 5.25348559e-02 2.40796611e-01
    6.83845654e-02]
   [1.51956335e-01 2.86985576e-01 5.50458990e-02 4.19015229e-01
    2.14173179e-02]
   [6.10755384e-02 2.69189149e-01 2.06277929e-02 1.36432171e-01
    9.74636450e-02]
   [3.48861329e-02 2.26226747e-02 5.10481596e-01 2.28209533e-02
    3.83389205e-01]]

  [[9.21853408e-02 9.52469930e-02 3.75706404e-02 1.47043411e-02
    3.57117839e-02]
   [2.57616371e-01 2.08861399e-02 2.24283002e-02 7.34421983e-02
    1.00209164e-02]
   [3.58598344e-02 7.85494000e-02 5.38125746e-02 3.54852192e-02
    5.70500121e-02]
   [3.55949551e-02 1.37275681e-01 3.04889709e-01 7.75654912e-02
    2.79202219e-02]
   [6.96824305e-03 1.95829403e-02 9.31505635e-02 4.54412341e-01
    1.71365157e-01]]]


 [[[5.66890314e-02 8.52471367e-02 2.98822820e-02 6.86271191e-02
    9.37545374e-02]
   [1.72180235e-01 6.44232258e-02 2.51707919e-02 9.66174304e-02
    4.13837396e-02]
   [4.16480489e-02 4.32281150e-03 8.48759245e-03 5.18579483e-02
    1.77879915e-01]
   [4.35928395e-03 9.27641580e-04 1.40878772e-02 1.56787448e-02
    1.10579289e-01]
   [3.72450016e-02 2.07766797e-02 1.42848128e-02 5.42989261e-02
    1.46918505e-01]]

  [[9.08844844e-02 2.55243123e-01 3.24322194e-01 2.38345116e-02
    1.14726059e-01]
   [5.82696451e-03 1.51078710e-02 3.48345548e-01 8.94673076e-03
    8.07495136e-03]
   [6.09660372e-02 1.65645673e-03 1.82533562e-02 8.55721712e-01
    3.62257585e-02]
   [9.64514911e-03 3.08792852e-02 1.18850823e-02 2.30676029e-02
    5.94939411e-01]
   [5.41310105e-03 1.17422256e-03 2.74649286e-03 1.07954163e-03
    3.13740559e-02]]

  [[1.35124847e-02 1.92339905e-02 8.46880674e-02 1.35504277e-02
    1.72003999e-01]
   [1.97871514e-02 5.02413930e-03 6.79309294e-02 9.74270795e-03
    1.29355222e-01]
   [1.73001979e-02 9.98389069e-03 4.18429226e-01 4.16341238e-02
    1.45664975e-01]
   [5.87415788e-03 5.23171388e-03 3.03508133e-01 3.41728097e-03
    1.47564411e-01]
   [6.72817826e-02 3.60521860e-02 2.90091395e-01 3.26532535e-02
    8.68157744e-02]]]


 [[[3.61938837e-05 9.99934435e-01 2.48439719e-05 2.82671834e-07
    3.06615050e-07]
   [1.75896020e-07 2.80200379e-06 9.99991894e-01 1.65452775e-06
    1.17598418e-07]
   [1.68654151e-04 1.10010137e-06 9.90390254e-05 9.99690890e-01
    1.31008519e-05]
   [4.32903363e-07 5.81338372e-06 2.83708573e-06 8.31305613e-07
    9.99962449e-01]
   [2.48001702e-03 3.93254732e-06 8.11671780e-05 1.01915866e-05
    5.16813388e-03]]

  [[8.09124950e-03 1.58134811e-02 2.28996407e-02 1.50485374e-02
    5.31962104e-02]
   [6.39970481e-01 1.43061287e-03 2.58309441e-03 1.53058404e-02
    3.11871897e-02]
   [2.47440897e-02 3.92612144e-02 2.14742459e-02 3.75622772e-02
    1.14058375e-01]
   [6.08984828e-02 2.17912113e-03 6.82413876e-01 1.98329613e-03
    4.40094545e-02]
   [2.83498317e-02 1.29816458e-02 1.40442461e-01 1.94981862e-02
    8.98976102e-02]]

  [[9.22548212e-03 1.09855071e-01 2.22009774e-02 6.05901554e-02
    4.55494076e-02]
   [7.68124238e-02 1.55136827e-02 7.83547983e-02 3.02306473e-01
    9.53288153e-02]
   [4.27902211e-03 8.90296884e-03 4.73232334e-03 3.41979950e-03
    3.32890116e-02]
   [4.89977980e-03 2.93196216e-02 3.72437201e-03 4.10496369e-02
    2.65782952e-01]
   [3.02138999e-02 2.95578808e-01 8.64080787e-02 1.68826804e-02
    3.17452252e-02]]]]
None
Processing:a was
all_attentions after the processing
[[[[1.06046185e-01 2.63119727e-01 2.54107744e-01 1.13817364e-01
    8.51309374e-02]
   [1.32884249e-01 1.54648364e-01 1.89051718e-01 1.07316382e-01
    9.22379270e-02]
   [1.10874042e-01 8.90247151e-02 3.02015036e-01 1.30074367e-01
    1.30264342e-01]
   [1.68466315e-01 2.17372119e-01 7.67433345e-02 6.53967112e-02
    1.39458999e-01]
   [1.44846022e-01 9.13660675e-02 1.43287465e-01 1.04535654e-01
    2.02684760e-01]]

  [[5.47666624e-02 5.34349322e-01 2.03512562e-03 2.68627405e-01
    3.95662012e-03]
   [1.26332954e-01 1.54038265e-01 5.25348559e-02 2.40796611e-01
    6.83845654e-02]
   [1.51956335e-01 2.86985576e-01 5.50458990e-02 4.19015229e-01
    2.14173179e-02]
   [6.10755384e-02 2.69189149e-01 2.06277929e-02 1.36432171e-01
    9.74636450e-02]
   [3.48861329e-02 2.26226747e-02 5.10481596e-01 2.28209533e-02
    3.83389205e-01]]

  [[9.21853408e-02 9.52469930e-02 3.75706404e-02 1.47043411e-02
    3.57117839e-02]
   [2.57616371e-01 2.08861399e-02 2.24283002e-02 7.34421983e-02
    1.00209164e-02]
   [3.58598344e-02 7.85494000e-02 5.38125746e-02 3.54852192e-02
    5.70500121e-02]
   [3.55949551e-02 1.37275681e-01 3.04889709e-01 7.75654912e-02
    2.79202219e-02]
   [6.96824305e-03 1.95829403e-02 9.31505635e-02 4.54412341e-01
    1.71365157e-01]]]


 [[[5.66890314e-02 8.52471367e-02 2.98822820e-02 6.86271191e-02
    9.37545374e-02]
   [1.72180235e-01 6.44232258e-02 2.51707919e-02 9.66174304e-02
    4.13837396e-02]
   [4.16480489e-02 4.32281150e-03 8.48759245e-03 5.18579483e-02
    1.77879915e-01]
   [4.35928395e-03 9.27641580e-04 1.40878772e-02 1.56787448e-02
    1.10579289e-01]
   [3.72450016e-02 2.07766797e-02 1.42848128e-02 5.42989261e-02
    1.46918505e-01]]

  [[9.08844844e-02 2.55243123e-01 3.24322194e-01 2.38345116e-02
    1.14726059e-01]
   [5.82696451e-03 1.51078710e-02 3.48345548e-01 8.94673076e-03
    8.07495136e-03]
   [6.09660372e-02 1.65645673e-03 1.82533562e-02 8.55721712e-01
    3.62257585e-02]
   [9.64514911e-03 3.08792852e-02 1.18850823e-02 2.30676029e-02
    5.94939411e-01]
   [5.41310105e-03 1.17422256e-03 2.74649286e-03 1.07954163e-03
    3.13740559e-02]]

  [[1.35124847e-02 1.92339905e-02 8.46880674e-02 1.35504277e-02
    1.72003999e-01]
   [1.97871514e-02 5.02413930e-03 6.79309294e-02 9.74270795e-03
    1.29355222e-01]
   [1.73001979e-02 9.98389069e-03 4.18429226e-01 4.16341238e-02
    1.45664975e-01]
   [5.87415788e-03 5.23171388e-03 3.03508133e-01 3.41728097e-03
    1.47564411e-01]
   [6.72817826e-02 3.60521860e-02 2.90091395e-01 3.26532535e-02
    8.68157744e-02]]]


 [[[3.61938837e-05 9.99934435e-01 2.48439719e-05 2.82671834e-07
    3.06615050e-07]
   [1.75896020e-07 2.80200379e-06 9.99991894e-01 1.65452775e-06
    1.17598418e-07]
   [1.68654151e-04 1.10010137e-06 9.90390254e-05 9.99690890e-01
    1.31008519e-05]
   [4.32903363e-07 5.81338372e-06 2.83708573e-06 8.31305613e-07
    9.99962449e-01]
   [2.48001702e-03 3.93254732e-06 8.11671780e-05 1.01915866e-05
    5.16813388e-03]]

  [[8.09124950e-03 1.58134811e-02 2.28996407e-02 1.50485374e-02
    5.31962104e-02]
   [6.39970481e-01 1.43061287e-03 2.58309441e-03 1.53058404e-02
    3.11871897e-02]
   [2.47440897e-02 3.92612144e-02 2.14742459e-02 3.75622772e-02
    1.14058375e-01]
   [6.08984828e-02 2.17912113e-03 6.82413876e-01 1.98329613e-03
    4.40094545e-02]
   [2.83498317e-02 1.29816458e-02 1.40442461e-01 1.94981862e-02
    8.98976102e-02]]

  [[9.22548212e-03 1.09855071e-01 2.22009774e-02 6.05901554e-02
    4.55494076e-02]
   [7.68124238e-02 1.55136827e-02 7.83547983e-02 3.02306473e-01
    9.53288153e-02]
   [4.27902211e-03 8.90296884e-03 4.73232334e-03 3.41979950e-03
    3.32890116e-02]
   [4.89977980e-03 2.93196216e-02 3.72437201e-03 4.10496369e-02
    2.65782952e-01]
   [3.02138999e-02 2.95578808e-01 8.64080787e-02 1.68826804e-02
    3.17452252e-02]]]]
None
Processing:a fun
all_attentions after the processing
[[[[1.06046185e-01 2.63119727e-01 2.54107744e-01 1.13817364e-01
    8.51309374e-02]
   [1.32884249e-01 1.54648364e-01 1.89051718e-01 1.07316382e-01
    9.22379270e-02]
   [1.10874042e-01 8.90247151e-02 3.02015036e-01 1.30074367e-01
    1.30264342e-01]
   [1.68466315e-01 2.17372119e-01 7.67433345e-02 6.53967112e-02
    1.39458999e-01]
   [1.44846022e-01 9.13660675e-02 1.43287465e-01 1.04535654e-01
    2.02684760e-01]]

  [[5.47666624e-02 5.34349322e-01 2.03512562e-03 2.68627405e-01
    3.95662012e-03]
   [1.26332954e-01 1.54038265e-01 5.25348559e-02 2.40796611e-01
    6.83845654e-02]
   [1.51956335e-01 2.86985576e-01 5.50458990e-02 4.19015229e-01
    2.14173179e-02]
   [6.10755384e-02 2.69189149e-01 2.06277929e-02 1.36432171e-01
    9.74636450e-02]
   [3.48861329e-02 2.26226747e-02 5.10481596e-01 2.28209533e-02
    3.83389205e-01]]

  [[9.21853408e-02 9.52469930e-02 3.75706404e-02 1.47043411e-02
    3.57117839e-02]
   [2.57616371e-01 2.08861399e-02 2.24283002e-02 7.34421983e-02
    1.00209164e-02]
   [3.58598344e-02 7.85494000e-02 5.38125746e-02 3.54852192e-02
    5.70500121e-02]
   [3.55949551e-02 1.37275681e-01 3.04889709e-01 7.75654912e-02
    2.79202219e-02]
   [6.96824305e-03 1.95829403e-02 9.31505635e-02 4.54412341e-01
    1.71365157e-01]]]


 [[[5.66890314e-02 8.52471367e-02 2.98822820e-02 6.86271191e-02
    9.37545374e-02]
   [1.72180235e-01 6.44232258e-02 2.51707919e-02 9.66174304e-02
    4.13837396e-02]
   [4.16480489e-02 4.32281150e-03 8.48759245e-03 5.18579483e-02
    1.77879915e-01]
   [4.35928395e-03 9.27641580e-04 1.40878772e-02 1.56787448e-02
    1.10579289e-01]
   [3.72450016e-02 2.07766797e-02 1.42848128e-02 5.42989261e-02
    1.46918505e-01]]

  [[9.08844844e-02 2.55243123e-01 3.24322194e-01 2.38345116e-02
    1.14726059e-01]
   [5.82696451e-03 1.51078710e-02 3.48345548e-01 8.94673076e-03
    8.07495136e-03]
   [6.09660372e-02 1.65645673e-03 1.82533562e-02 8.55721712e-01
    3.62257585e-02]
   [9.64514911e-03 3.08792852e-02 1.18850823e-02 2.30676029e-02
    5.94939411e-01]
   [5.41310105e-03 1.17422256e-03 2.74649286e-03 1.07954163e-03
    3.13740559e-02]]

  [[1.35124847e-02 1.92339905e-02 8.46880674e-02 1.35504277e-02
    1.72003999e-01]
   [1.97871514e-02 5.02413930e-03 6.79309294e-02 9.74270795e-03
    1.29355222e-01]
   [1.73001979e-02 9.98389069e-03 4.18429226e-01 4.16341238e-02
    1.45664975e-01]
   [5.87415788e-03 5.23171388e-03 3.03508133e-01 3.41728097e-03
    1.47564411e-01]
   [6.72817826e-02 3.60521860e-02 2.90091395e-01 3.26532535e-02
    8.68157744e-02]]]


 [[[3.61938837e-05 9.99934435e-01 2.48439719e-05 2.82671834e-07
    3.06615050e-07]
   [1.75896020e-07 2.80200379e-06 9.99991894e-01 1.65452775e-06
    1.17598418e-07]
   [1.68654151e-04 1.10010137e-06 9.90390254e-05 9.99690890e-01
    1.31008519e-05]
   [4.32903363e-07 5.81338372e-06 2.83708573e-06 8.31305613e-07
    9.99962449e-01]
   [2.48001702e-03 3.93254732e-06 8.11671780e-05 1.01915866e-05
    5.16813388e-03]]

  [[8.09124950e-03 1.58134811e-02 2.28996407e-02 1.50485374e-02
    5.31962104e-02]
   [6.39970481e-01 1.43061287e-03 2.58309441e-03 1.53058404e-02
    3.11871897e-02]
   [2.47440897e-02 3.92612144e-02 2.14742459e-02 3.75622772e-02
    1.14058375e-01]
   [6.08984828e-02 2.17912113e-03 6.82413876e-01 1.98329613e-03
    4.40094545e-02]
   [2.83498317e-02 1.29816458e-02 1.40442461e-01 1.94981862e-02
    8.98976102e-02]]

  [[9.22548212e-03 1.09855071e-01 2.22009774e-02 6.05901554e-02
    4.55494076e-02]
   [7.68124238e-02 1.55136827e-02 7.83547983e-02 3.02306473e-01
    9.53288153e-02]
   [4.27902211e-03 8.90296884e-03 4.73232334e-03 3.41979950e-03
    3.32890116e-02]
   [4.89977980e-03 2.93196216e-02 3.72437201e-03 4.10496369e-02
    2.65782952e-01]
   [3.02138999e-02 2.95578808e-01 8.64080787e-02 1.68826804e-02
    3.17452252e-02]]]]
None
Processing:a .
all_attentions after the processing
[[[[1.06046185e-01 2.63119727e-01 2.54107744e-01 1.13817364e-01
    8.51309374e-02]
   [1.32884249e-01 1.54648364e-01 1.89051718e-01 1.07316382e-01
    9.22379270e-02]
   [1.10874042e-01 8.90247151e-02 3.02015036e-01 1.30074367e-01
    1.30264342e-01]
   [1.68466315e-01 2.17372119e-01 7.67433345e-02 6.53967112e-02
    1.39458999e-01]
   [1.44846022e-01 9.13660675e-02 1.43287465e-01 1.04535654e-01
    2.02684760e-01]]

  [[5.47666624e-02 5.34349322e-01 2.03512562e-03 2.68627405e-01
    3.95662012e-03]
   [1.26332954e-01 1.54038265e-01 5.25348559e-02 2.40796611e-01
    6.83845654e-02]
   [1.51956335e-01 2.86985576e-01 5.50458990e-02 4.19015229e-01
    2.14173179e-02]
   [6.10755384e-02 2.69189149e-01 2.06277929e-02 1.36432171e-01
    9.74636450e-02]
   [3.48861329e-02 2.26226747e-02 5.10481596e-01 2.28209533e-02
    3.83389205e-01]]

  [[9.21853408e-02 9.52469930e-02 3.75706404e-02 1.47043411e-02
    3.57117839e-02]
   [2.57616371e-01 2.08861399e-02 2.24283002e-02 7.34421983e-02
    1.00209164e-02]
   [3.58598344e-02 7.85494000e-02 5.38125746e-02 3.54852192e-02
    5.70500121e-02]
   [3.55949551e-02 1.37275681e-01 3.04889709e-01 7.75654912e-02
    2.79202219e-02]
   [6.96824305e-03 1.95829403e-02 9.31505635e-02 4.54412341e-01
    1.71365157e-01]]]


 [[[5.66890314e-02 8.52471367e-02 2.98822820e-02 6.86271191e-02
    9.37545374e-02]
   [1.72180235e-01 6.44232258e-02 2.51707919e-02 9.66174304e-02
    4.13837396e-02]
   [4.16480489e-02 4.32281150e-03 8.48759245e-03 5.18579483e-02
    1.77879915e-01]
   [4.35928395e-03 9.27641580e-04 1.40878772e-02 1.56787448e-02
    1.10579289e-01]
   [3.72450016e-02 2.07766797e-02 1.42848128e-02 5.42989261e-02
    1.46918505e-01]]

  [[9.08844844e-02 2.55243123e-01 3.24322194e-01 2.38345116e-02
    1.14726059e-01]
   [5.82696451e-03 1.51078710e-02 3.48345548e-01 8.94673076e-03
    8.07495136e-03]
   [6.09660372e-02 1.65645673e-03 1.82533562e-02 8.55721712e-01
    3.62257585e-02]
   [9.64514911e-03 3.08792852e-02 1.18850823e-02 2.30676029e-02
    5.94939411e-01]
   [5.41310105e-03 1.17422256e-03 2.74649286e-03 1.07954163e-03
    3.13740559e-02]]

  [[1.35124847e-02 1.92339905e-02 8.46880674e-02 1.35504277e-02
    1.72003999e-01]
   [1.97871514e-02 5.02413930e-03 6.79309294e-02 9.74270795e-03
    1.29355222e-01]
   [1.73001979e-02 9.98389069e-03 4.18429226e-01 4.16341238e-02
    1.45664975e-01]
   [5.87415788e-03 5.23171388e-03 3.03508133e-01 3.41728097e-03
    1.47564411e-01]
   [6.72817826e-02 3.60521860e-02 2.90091395e-01 3.26532535e-02
    8.68157744e-02]]]


 [[[3.61938837e-05 9.99934435e-01 2.48439719e-05 2.82671834e-07
    3.06615050e-07]
   [1.75896020e-07 2.80200379e-06 9.99991894e-01 1.65452775e-06
    1.17598418e-07]
   [1.68654151e-04 1.10010137e-06 9.90390254e-05 9.99690890e-01
    1.31008519e-05]
   [4.32903363e-07 5.81338372e-06 2.83708573e-06 8.31305613e-07
    9.99962449e-01]
   [2.48001702e-03 3.93254732e-06 8.11671780e-05 1.01915866e-05
    5.16813388e-03]]

  [[8.09124950e-03 1.58134811e-02 2.28996407e-02 1.50485374e-02
    5.31962104e-02]
   [6.39970481e-01 1.43061287e-03 2.58309441e-03 1.53058404e-02
    3.11871897e-02]
   [2.47440897e-02 3.92612144e-02 2.14742459e-02 3.75622772e-02
    1.14058375e-01]
   [6.08984828e-02 2.17912113e-03 6.82413876e-01 1.98329613e-03
    4.40094545e-02]
   [2.83498317e-02 1.29816458e-02 1.40442461e-01 1.94981862e-02
    8.98976102e-02]]

  [[9.22548212e-03 1.09855071e-01 2.22009774e-02 6.05901554e-02
    4.55494076e-02]
   [7.68124238e-02 1.55136827e-02 7.83547983e-02 3.02306473e-01
    9.53288153e-02]
   [4.27902211e-03 8.90296884e-03 4.73232334e-03 3.41979950e-03
    3.32890116e-02]
   [4.89977980e-03 2.93196216e-02 3.72437201e-03 4.10496369e-02
    2.65782952e-01]
   [3.02138999e-02 2.95578808e-01 8.64080787e-02 1.68826804e-02
    3.17452252e-02]]]]
None
~~~~~~~~~~~~~~~~~~~Processing done~~~~~~~~~~~~~~
[[[[1.06046185e-01 2.63119727e-01 2.54107744e-01 1.13817364e-01
    8.51309374e-02]
   [1.32884249e-01 1.54648364e-01 1.89051718e-01 1.07316382e-01
    9.22379270e-02]
   [1.10874042e-01 8.90247151e-02 3.02015036e-01 1.30074367e-01
    1.30264342e-01]
   [1.68466315e-01 2.17372119e-01 7.67433345e-02 6.53967112e-02
    1.39458999e-01]
   [1.44846022e-01 9.13660675e-02 1.43287465e-01 1.04535654e-01
    2.02684760e-01]]

  [[5.47666624e-02 5.34349322e-01 2.03512562e-03 2.68627405e-01
    3.95662012e-03]
   [1.26332954e-01 1.54038265e-01 5.25348559e-02 2.40796611e-01
    6.83845654e-02]
   [1.51956335e-01 2.86985576e-01 5.50458990e-02 4.19015229e-01
    2.14173179e-02]
   [6.10755384e-02 2.69189149e-01 2.06277929e-02 1.36432171e-01
    9.74636450e-02]
   [3.48861329e-02 2.26226747e-02 5.10481596e-01 2.28209533e-02
    3.83389205e-01]]

  [[9.21853408e-02 9.52469930e-02 3.75706404e-02 1.47043411e-02
    3.57117839e-02]
   [2.57616371e-01 2.08861399e-02 2.24283002e-02 7.34421983e-02
    1.00209164e-02]
   [3.58598344e-02 7.85494000e-02 5.38125746e-02 3.54852192e-02
    5.70500121e-02]
   [3.55949551e-02 1.37275681e-01 3.04889709e-01 7.75654912e-02
    2.79202219e-02]
   [6.96824305e-03 1.95829403e-02 9.31505635e-02 4.54412341e-01
    1.71365157e-01]]]


 [[[5.66890314e-02 8.52471367e-02 2.98822820e-02 6.86271191e-02
    9.37545374e-02]
   [1.72180235e-01 6.44232258e-02 2.51707919e-02 9.66174304e-02
    4.13837396e-02]
   [4.16480489e-02 4.32281150e-03 8.48759245e-03 5.18579483e-02
    1.77879915e-01]
   [4.35928395e-03 9.27641580e-04 1.40878772e-02 1.56787448e-02
    1.10579289e-01]
   [3.72450016e-02 2.07766797e-02 1.42848128e-02 5.42989261e-02
    1.46918505e-01]]

  [[9.08844844e-02 2.55243123e-01 3.24322194e-01 2.38345116e-02
    1.14726059e-01]
   [5.82696451e-03 1.51078710e-02 3.48345548e-01 8.94673076e-03
    8.07495136e-03]
   [6.09660372e-02 1.65645673e-03 1.82533562e-02 8.55721712e-01
    3.62257585e-02]
   [9.64514911e-03 3.08792852e-02 1.18850823e-02 2.30676029e-02
    5.94939411e-01]
   [5.41310105e-03 1.17422256e-03 2.74649286e-03 1.07954163e-03
    3.13740559e-02]]

  [[1.35124847e-02 1.92339905e-02 8.46880674e-02 1.35504277e-02
    1.72003999e-01]
   [1.97871514e-02 5.02413930e-03 6.79309294e-02 9.74270795e-03
    1.29355222e-01]
   [1.73001979e-02 9.98389069e-03 4.18429226e-01 4.16341238e-02
    1.45664975e-01]
   [5.87415788e-03 5.23171388e-03 3.03508133e-01 3.41728097e-03
    1.47564411e-01]
   [6.72817826e-02 3.60521860e-02 2.90091395e-01 3.26532535e-02
    8.68157744e-02]]]


 [[[3.61938837e-05 9.99934435e-01 2.48439719e-05 2.82671834e-07
    3.06615050e-07]
   [1.75896020e-07 2.80200379e-06 9.99991894e-01 1.65452775e-06
    1.17598418e-07]
   [1.68654151e-04 1.10010137e-06 9.90390254e-05 9.99690890e-01
    1.31008519e-05]
   [4.32903363e-07 5.81338372e-06 2.83708573e-06 8.31305613e-07
    9.99962449e-01]
   [2.48001702e-03 3.93254732e-06 8.11671780e-05 1.01915866e-05
    5.16813388e-03]]

  [[8.09124950e-03 1.58134811e-02 2.28996407e-02 1.50485374e-02
    5.31962104e-02]
   [6.39970481e-01 1.43061287e-03 2.58309441e-03 1.53058404e-02
    3.11871897e-02]
   [2.47440897e-02 3.92612144e-02 2.14742459e-02 3.75622772e-02
    1.14058375e-01]
   [6.08984828e-02 2.17912113e-03 6.82413876e-01 1.98329613e-03
    4.40094545e-02]
   [2.83498317e-02 1.29816458e-02 1.40442461e-01 1.94981862e-02
    8.98976102e-02]]

  [[9.22548212e-03 1.09855071e-01 2.22009774e-02 6.05901554e-02
    4.55494076e-02]
   [7.68124238e-02 1.55136827e-02 7.83547983e-02 3.02306473e-01
    9.53288153e-02]
   [4.27902211e-03 8.90296884e-03 4.73232334e-03 3.41979950e-03
    3.32890116e-02]
   [4.89977980e-03 2.93196216e-02 3.72437201e-03 4.10496369e-02
    2.65782952e-01]
   [3.02138999e-02 2.95578808e-01 8.64080787e-02 1.68826804e-02
    3.17452252e-02]]]]
None
